327.473000
400.829000
399.638000
355.952000
476.800000
389.365000
399.450000
421.126000
402.755000
395.621000
366.512000
398.380000
364.501000
371.206000
446.055000
324.737000
328.400000
413.851000
416.439000
399.171000
394.857000
390.455000
345.673000
372.651000
450.815000
386.562000
420.493000
471.495000
371.537000
420.092000
395.473000
459.586000
340.142000
417.861000
478.571000
320.168000
390.400000
321.919000
322.716000
325.287000
328.913000
322.947000
382.715000
379.131000
316.520000
315.275000
358.395000
301.171000
386.870000
334.844000
411.589000
323.007000
370.678000
323.111000
366.836000
404.621000
334.007000
290.640000
385.620000
348.766000
315.674000
348.891000
333.252000
315.787000
