0.10100889205932617
0.04863882064819336
0.08094072341918945
0.0472259521484375
0.052338361740112305
0.04465079307556152
0.07290315628051758
0.06226205825805664
0.088958740234375
0.06473374366760254
0.11365842819213867
0.0769798755645752
0.10011625289916992
0.0930640697479248
0.10411572456359863
0.08780670166015625
0.09830689430236816
0.08926105499267578
0.1102752685546875
0.092681884765625
0.15774178504943848
0.09575343132019043
0.08211088180541992
0.06739497184753418
0.14031696319580078
0.09472084045410156
0.08776187896728516
0.053818702697753906
0.09672904014587402
0.08814239501953125
